-1

4
10
1 4 5 2 8 3 6 7 9 10

5
5
2 1 7 5 4
6

1
13
4 6 7 10 8 1 5 1 4 6 7 5 9
2

2
3
7 2 1

3
6
1 3 5 2 4 6
5

5
6
2 3 8 7 4 6
11

5
10
429 334 62 711 704 763 98 733 721 995
10

5
11
1 4 5 2 8 3 6 7 9 10 11
17

6
6
3 2 6 4 5 3

9
2
12 13
13 12

13
5
1 2 3 4 5
2

15
4 4
4 3 2 1
3 2 1 2
2 1 2 3
1 2 3 4

15
5 5
5 4 3 2 1
4 3 2 1 2
3 2 1 2 3
2 1 2 3 4
1 2 3 4 5

16
5 5
0 0 0 0 0
1 1 0 0 0
0 1 1 0 0
0 0 1 1 1
0 0 0 0 1
1 0

17
5 5
5 4 3 2 1
4 3 2 1 2
3 2 1 2 3
2 1 2 3 4
1 2 3 4 5

19
5
Vrba mrda na vrh brda

20
aabacaababacaa
ababac

21
ebhabdcthba
b a dd

41
5
abcd dcba lls s sssll

40
4 4
1 2 3 4
2 3 4 5
3 4 5 6
4 5 6 7
2
1 1 2 2
2 2 3 3

42
10
4 3 1 2 2 3 1 4 3 2

45
5
2 1 7 5 4
6

