4
13                                                                              
16 2                                                                            
0 1                                                                             
0 2                                                                             
0 5                                                                             
0 6                                                                             
3 4                                                                             
3 5                                                                             
4 5                                                                             
4 6                                                                             
5 7
7 8                                                                             
8 9
9 10                                                                            
9 11                                                                            
9 12                                                                            
11 12                                                                           
12 0

-1

1
6 6
1 1 0 0 0 0
0 1 1 1 0 0
0 0 0 1 0 0
0 0 0 1 0 0
0 0 0 1 1 0
0 0 0 0 1 1

2
5
emet amet amer amir emir
amit emir

3
5
5 2
0 1
1 2
2 3
3 4
0 4

4
5
5 2
0 1
1 2
2 3
3 4
0 4





13                                                                              
13 2                                                                            
0 1                                                                             
0 2                                                                             
0 5                                                                             
0 6                                                                             
3 4                                                                             
3 5                                                                             
4 5                                                                             
4 6                                                                             
7 8                                                                             
9 10                                                                            
9 11                                                                            
9 12                                                                            
11 12                                                                           
